[gd_scene load_steps=16 format=3 uid="uid://bl3rvj3gfbc12"]

[ext_resource type="PackedScene" uid="uid://db0xaaj1kg4bb" path="res://courses/dummy_course.tscn" id="1_ku3s0"]
[ext_resource type="PackedScene" uid="uid://bgd1cxalv2sv4" path="res://courses/canyon/canyon_rock.tscn" id="2_xy1gd"]
[ext_resource type="PackedScene" uid="uid://6pli2jgxnqus" path="res://courses/canyon/conyon_rock_2.tscn" id="3_i6aiu"]
[ext_resource type="PackedScene" uid="uid://dewfonsg8h7ep" path="res://courses/canyon/canyon_uts.tscn" id="4_f6geg"]

[sub_resource type="StandardMaterial3D" id="StandardMaterial3D_qqt20"]
albedo_color = Color(1, 0.762067, 0.259815, 1)

[sub_resource type="Curve3D" id="Curve3D_stwl6"]
_data = {
"points": PackedVector3Array(65.5384, 0, 16.8669, -65.5384, 0, -16.8669, -150.996, 0, -72.192, 32.5598, 0, -147.423, -32.5598, 0, 147.423, -359.435, 0, -35.6971, -40.4556, 0, -30.077, 40.4556, 0, 30.077, -234.623, 0, 47.5111, -66.0239, 0, -18.9932, 66.0239, 0, 18.9932, -213.821, 0, 154.235, -20.8021, 0, 61.5017, 20.8021, 0, -61.5017, -120.664, 0, 77.3575, -12.6621, 0, 85.0171, 12.6621, 0, -85.0171, 22.4748, 0, 50.3682, -0.904419, 0, 97.6792, 0.904419, 0, -97.6792, 143.669, 0, -50.9287, 18.9932, 0, 70.5461, -18.9932, 0, -70.5461, 37.8503, 0, -148.608, 5.42661, 0, -67.8328, -5.42661, 0, 67.8328, -67.9689, 0, -103.386, 0, 0, 0, 0, 0, 0, -150.996, 0, -72.192),
"tilts": PackedFloat32Array(0, 0, 0, 0, 0, 0, 0, 0, 0, 0)
}
point_count = 10

[sub_resource type="BoxShape3D" id="BoxShape3D_1apkl"]
size = Vector3(5, 100, 50)

[sub_resource type="BoxShape3D" id="BoxShape3D_vh6fm"]
size = Vector3(5, 100, 50)

[sub_resource type="BoxShape3D" id="BoxShape3D_lkxm7"]
size = Vector3(5, 100, 50)

[sub_resource type="BoxShape3D" id="BoxShape3D_xjd8u"]
size = Vector3(5, 100, 50)

[sub_resource type="BoxShape3D" id="BoxShape3D_36bss"]
size = Vector3(5, 100, 50)

[sub_resource type="BoxShape3D" id="BoxShape3D_lus4e"]
size = Vector3(5, 100, 50)

[sub_resource type="BoxShape3D" id="BoxShape3D_ghfwf"]
size = Vector3(5, 100, 50)

[sub_resource type="BoxShape3D" id="BoxShape3D_m3iwr"]
size = Vector3(5, 100, 50)

[sub_resource type="BoxShape3D" id="BoxShape3D_5d1qi"]
size = Vector3(5, 100, 50)

[node name="CanyonCourse" instance=ExtResource("1_ku3s0")]

[node name="MeshInstance3D" parent="Floor" index="0"]
surface_material_override/0 = SubResource("StandardMaterial3D_qqt20")

[node name="Track" parent="." index="5"]
curve = SubResource("Curve3D_stwl6")

[node name="@Area3D@78953" type="Area3D" parent="Track/Checkpoints" index="0"]
transform = Transform3D(0.968442, 0, -0.249237, 0, 1, 0, 0.249237, 0, 0.968442, -150.996, 0, -72.192)
collision_layer = 2
collision_mask = 0

[node name="@CollisionShape3D@78954" type="CollisionShape3D" parent="Track/Checkpoints/@Area3D@78953" index="0"]
shape = SubResource("BoxShape3D_1apkl")

[node name="@Area3D@78955" type="Area3D" parent="Track/Checkpoints" index="1"]
transform = Transform3D(0.215662, 0, 0.976468, 0, 1, 0, -0.976468, 0, 0.215662, -359.435, 0, -35.6971)
collision_layer = 2
collision_mask = 0

[node name="@CollisionShape3D@78956" type="CollisionShape3D" parent="Track/Checkpoints/@Area3D@78955" index="0"]
shape = SubResource("BoxShape3D_vh6fm")

[node name="@Area3D@78957" type="Area3D" parent="Track/Checkpoints" index="2"]
transform = Transform3D(-0.802513, 0, 0.596634, 0, 1, 0, -0.596634, 0, -0.802513, -234.623, 0, 47.5111)
collision_layer = 2
collision_mask = 0

[node name="@CollisionShape3D@78958" type="CollisionShape3D" parent="Track/Checkpoints/@Area3D@78957" index="0"]
shape = SubResource("BoxShape3D_lkxm7")

[node name="@Area3D@78959" type="Area3D" parent="Track/Checkpoints" index="3"]
transform = Transform3D(-0.961026, 0, 0.27646, 0, 1, 0, -0.27646, 0, -0.961026, -213.821, 0, 154.235)
collision_layer = 2
collision_mask = 0

[node name="@CollisionShape3D@78960" type="CollisionShape3D" parent="Track/Checkpoints/@Area3D@78959" index="0"]
shape = SubResource("BoxShape3D_xjd8u")

[node name="@Area3D@78961" type="Area3D" parent="Track/Checkpoints" index="4"]
transform = Transform3D(-0.320405, 0, -0.947281, 0, 1, 0, 0.947281, 0, -0.320405, -120.664, 0, 77.3575)
collision_layer = 2
collision_mask = 0

[node name="@CollisionShape3D@78962" type="CollisionShape3D" parent="Track/Checkpoints/@Area3D@78961" index="0"]
shape = SubResource("BoxShape3D_36bss")

[node name="@Area3D@78963" type="Area3D" parent="Track/Checkpoints" index="5"]
transform = Transform3D(-0.147311, 0, -0.98909, 0, 1, 0, 0.98909, 0, -0.147311, 22.4748, 0, 50.3682)
collision_layer = 2
collision_mask = 0

[node name="@CollisionShape3D@78964" type="CollisionShape3D" parent="Track/Checkpoints/@Area3D@78963" index="0"]
shape = SubResource("BoxShape3D_lus4e")

[node name="@Area3D@78965" type="Area3D" parent="Track/Checkpoints" index="6"]
transform = Transform3D(-0.00925866, 0, -0.999957, 0, 1, 0, 0.999957, 0, -0.00925866, 143.669, 0, -50.9287)
collision_layer = 2
collision_mask = 0

[node name="@CollisionShape3D@78966" type="CollisionShape3D" parent="Track/Checkpoints/@Area3D@78965" index="0"]
shape = SubResource("BoxShape3D_ghfwf")

[node name="@Area3D@78967" type="Area3D" parent="Track/Checkpoints" index="7"]
transform = Transform3D(0.259974, 0, -0.965616, 0, 1, 0, 0.965616, 0, 0.259974, 37.8503, 0, -148.608)
collision_layer = 2
collision_mask = 0

[node name="@CollisionShape3D@78968" type="CollisionShape3D" parent="Track/Checkpoints/@Area3D@78967" index="0"]
shape = SubResource("BoxShape3D_m3iwr")

[node name="@Area3D@78969" type="Area3D" parent="Track/Checkpoints" index="8"]
transform = Transform3D(0.079745, 0, 0.996815, 0, 1, 0, -0.996815, 0, 0.079745, -67.9689, 0, -103.386)
collision_layer = 2
collision_mask = 0

[node name="@CollisionShape3D@78970" type="CollisionShape3D" parent="Track/Checkpoints/@Area3D@78969" index="0"]
shape = SubResource("BoxShape3D_5d1qi")

[node name="Marker3D" parent="KartSpawns" index="0"]
transform = Transform3D(-0.909614, 0, 0.415456, 0, 1, 0, -0.415456, 0, -0.909614, -126.098, 2.73757, -79.2321)

[node name="Marker3D2" parent="KartSpawns" index="1"]
transform = Transform3D(-0.909614, 0, 0.415456, 0, 1, 0, -0.415456, 0, -0.909614, -129.216, 2.73757, -69.9591)

[node name="Marker3D3" parent="KartSpawns" index="2"]
transform = Transform3D(-0.909614, 0, 0.415456, 0, 1, 0, -0.415456, 0, -0.909614, -131.742, 2.73757, -61.2971)

[node name="Marker3D4" parent="KartSpawns" index="3"]
transform = Transform3D(-0.909614, 0, 0.415456, 0, 1, 0, -0.415456, 0, -0.909614, -135.017, 2.73757, -52.5395)

[node name="Marker3D5" parent="KartSpawns" index="4"]
transform = Transform3D(-0.909614, 0, 0.415456, 0, 1, 0, -0.415456, 0, -0.909614, -138.198, 2.73757, -79.4746)

[node name="Marker3D6" parent="KartSpawns" index="5"]
transform = Transform3D(-0.909614, 0, 0.415456, 0, 1, 0, -0.415456, 0, -0.909614, -141.317, 2.73757, -70.2016)

[node name="Marker3D7" parent="KartSpawns" index="6"]
transform = Transform3D(-0.909614, 0, 0.415456, 0, 1, 0, -0.415456, 0, -0.909614, -143.844, 2.73757, -61.5396)

[node name="Marker3D8" parent="KartSpawns" index="7"]
transform = Transform3D(-0.909614, 0, 0.415456, 0, 1, 0, -0.415456, 0, -0.909614, -147.118, 2.73757, -52.782)

[node name="Rocks" type="Node3D" parent="." index="15"]

[node name="rock" parent="Rocks" index="0" instance=ExtResource("2_xy1gd")]
transform = Transform3D(-9.95371, 0, -17.3471, 0, 20, 0, 17.3471, 0, -9.95371, -140.236, 0, -132.622)

[node name="rock10" parent="Rocks" index="1" instance=ExtResource("2_xy1gd")]
transform = Transform3D(-22.5054, 0, -16.9202, 0, 28.1565, 0, 16.9202, 0, -22.5054, -356.31, 0, 149.804)

[node name="rock11" parent="Rocks" index="2" instance=ExtResource("2_xy1gd")]
transform = Transform3D(18.6784, 0, 24.9117, 0, 31.1364, 0, -24.9117, 0, 18.6784, -296.437, 0, 194.955)

[node name="rock4" parent="Rocks" index="3" instance=ExtResource("2_xy1gd")]
transform = Transform3D(-19.4879, 0, 19.4124, 0, 35.0047, 0, -19.3841, 0, -19.5164, -380.909, -2.67029e-05, -149.218)

[node name="rock3" parent="Rocks" index="4" instance=ExtResource("2_xy1gd")]
transform = Transform3D(16.6668, 0, 29.9382, 0, 34.2648, 0, -29.9382, 0, 16.6668, -268.613, 3.8147e-06, -198.821)

[node name="rock8" parent="Rocks" index="5" instance=ExtResource("2_xy1gd")]
transform = Transform3D(3.05973, -27.9839, 38.7859, 47.79, 3.3219, -1.3733, -1.88654, 38.7643, 28.1171, -449.205, 0.71188, 68.1048)

[node name="rock5" parent="Rocks" index="6" instance=ExtResource("2_xy1gd")]
transform = Transform3D(6.82894, -33.0924, -5.68674, 29.2876, 3.03225, 17.5248, -16.4219, -8.35338, 28.8898, -409.389, 3.8147e-06, -111.263)

[node name="rock2" parent="Rocks" index="7" instance=ExtResource("2_xy1gd")]
transform = Transform3D(-7.37801, -31.0179, -6.73556, -6.16306, 12.1077, -21.8343, 22.6406, -6.81208, -8.13855, -181.069, 20.2038, -160.708)

[node name="rock6" parent="Rocks" index="8" instance=ExtResource("3_i6aiu")]
transform = Transform3D(20.6502, 0, -14.0914, 0, 25, 0, 14.0914, 0, 20.6502, -321.449, 14.8118, -185.339)

[node name="rock7" parent="Rocks" index="9" instance=ExtResource("3_i6aiu")]
transform = Transform3D(23.5785, 14.6019, 11.4385, 14.7396, -25.9808, 2.78269, 11.2604, 3.4329, -27.5938, -428.708, 31.7273, -20.3922)

[node name="rock9" parent="Rocks" index="10" instance=ExtResource("3_i6aiu")]
transform = Transform3D(-34.7337, -1.4625, -4.05369, -4.13035, 1.90535, 34.7032, -1.22941, 34.9175, -2.06345, -439.55, 55.3968, 34.0876)

[node name="Obstacles" type="Node3D" parent="." index="16"]

[node name="uts" parent="." index="17" instance=ExtResource("4_f6geg")]
transform = Transform3D(50, 0, 0, 0, 50, 0, 0, 0, 50, 137.272, -14.5849, 141.898)

[editable path="ItemBox"]
[editable path="ItemBox2"]
[editable path="ItemBox3"]
[editable path="ItemBox4"]
