[gd_scene load_steps=27 format=3 uid="uid://db0xaaj1kg4bb"]

[ext_resource type="Script" path="res://courses/course.gd" id="1_cnisg"]
[ext_resource type="Script" path="res://courses/checkpoints.gd" id="2_cksux"]
[ext_resource type="PackedScene" uid="uid://ya4d7bvofid3" path="res://item_boxes/item_box.tscn" id="2_xp8vo"]
[ext_resource type="Texture2D" uid="uid://cvwr2xp6rnpto" path="res://debug_and_testing/Checkerboard_pattern.svg.png" id="4_fb526"]

[sub_resource type="PlaneMesh" id="PlaneMesh_ndcnv"]
size = Vector2(1000, 1000)

[sub_resource type="StandardMaterial3D" id="StandardMaterial3D_3ruin"]
albedo_color = Color(0.785249, 0.572799, 7.70092e-07, 1)

[sub_resource type="ConvexPolygonShape3D" id="ConvexPolygonShape3D_bpd1i"]
points = PackedVector3Array(-500, 0, -500, -500, 0, 500, 500, 0, -500, 500, 0, 500)

[sub_resource type="Curve3D" id="Curve3D_qnr0h"]
_data = {
"points": PackedVector3Array(153.636, 0, 65.6066, -153.636, 0, -65.6066, -150.996, 0, -72.192, -87.0609, 0, -109.831, 87.0609, 0, 109.831, -407.746, 87.8832, 83.471, -95.0972, 0, -6.69699, 95.0972, 0, 6.69699, -117.023, 0, 59.106, -97.776, 0, 1.33937, 97.776, 0, -1.33937, 42.3651, 0, 176.973, -18.7515, 0, 105.812, 18.7515, 0, -105.812, 137.462, 0, 28.2996, -5.35767, 0, 145.994, 5.35767, 0, -145.994, 391.948, 0, -113.676, 18.7516, 0, -124.564, -18.7516, 0, 124.564, 18.2559, 0, -127.07, 0, 0, 0, 0, 0, 0, -150.996, 0, -72.192),
"tilts": PackedFloat32Array(0, 0, 0, 0, 0, 0, 0, 0)
}
point_count = 8

[sub_resource type="StandardMaterial3D" id="StandardMaterial3D_n62to"]
albedo_color = Color(0, 0, 0, 1)
uv1_scale = Vector3(0.04, 2.875, 0)

[sub_resource type="BoxShape3D" id="BoxShape3D_h01fa"]
size = Vector3(5, 100, 50)

[sub_resource type="BoxShape3D" id="BoxShape3D_wfdq6"]
size = Vector3(5, 100, 50)

[sub_resource type="BoxShape3D" id="BoxShape3D_gvlv7"]
size = Vector3(5, 100, 50)

[sub_resource type="BoxShape3D" id="BoxShape3D_h7i5w"]
size = Vector3(5, 100, 50)

[sub_resource type="BoxShape3D" id="BoxShape3D_73fdw"]
size = Vector3(5, 100, 50)

[sub_resource type="BoxShape3D" id="BoxShape3D_b2mqg"]
size = Vector3(5, 100, 50)

[sub_resource type="BoxShape3D" id="BoxShape3D_dkmxq"]
size = Vector3(5, 100, 50)

[sub_resource type="StandardMaterial3D" id="StandardMaterial3D_hg2qt"]
albedo_color = Color(1, 0, 0, 1)

[sub_resource type="SphereMesh" id="SphereMesh_6mdfc"]
material = SubResource("StandardMaterial3D_hg2qt")
radius = 5.0
height = 10.0

[sub_resource type="StandardMaterial3D" id="StandardMaterial3D_1lt38"]
transparency = 1
albedo_color = Color(0.819067, 0, 0, 0.815686)
metallic = 1.0
roughness = 0.5

[sub_resource type="SphereMesh" id="SphereMesh_1eh20"]
material = SubResource("StandardMaterial3D_1lt38")

[sub_resource type="StandardMaterial3D" id="StandardMaterial3D_yohmj"]
transparency = 1
albedo_color = Color(1, 0.975386, 0, 0.815686)
metallic = 1.0
roughness = 0.5

[sub_resource type="SphereMesh" id="SphereMesh_evp46"]
material = SubResource("StandardMaterial3D_yohmj")

[sub_resource type="StandardMaterial3D" id="StandardMaterial3D_lcjxk"]
transparency = 1
albedo_color = Color(0.121067, 1, 0, 0.815686)
metallic = 1.0
roughness = 0.5

[sub_resource type="SphereMesh" id="SphereMesh_s2cqa"]
material = SubResource("StandardMaterial3D_lcjxk")

[sub_resource type="StandardMaterial3D" id="StandardMaterial3D_rjyk1"]
transparency = 1
albedo_color = Color(0.117798, 0, 1, 0.815686)
metallic = 1.0
roughness = 0.5

[sub_resource type="SphereMesh" id="SphereMesh_mvrx4"]
material = SubResource("StandardMaterial3D_rjyk1")

[node name="DummyCourse" type="Node3D" node_paths=PackedStringArray("track", "kart_spawns")]
script = ExtResource("1_cnisg")
track = NodePath("Track")
kart_spawns = NodePath("KartSpawns")

[node name="DirectionalLight3D" type="DirectionalLight3D" parent="."]
transform = Transform3D(0.910438, 0.413645, -6.68355e-07, -0.183636, 0.404187, 0.896053, 0.370648, -0.815801, 0.443947, 0, 0, 0)

[node name="Floor" type="StaticBody3D" parent="."]

[node name="MeshInstance3D" type="MeshInstance3D" parent="Floor"]
mesh = SubResource("PlaneMesh_ndcnv")
skeleton = NodePath("../..")
surface_material_override/0 = SubResource("StandardMaterial3D_3ruin")

[node name="CollisionShape3D" type="CollisionShape3D" parent="Floor"]
shape = SubResource("ConvexPolygonShape3D_bpd1i")

[node name="Track" type="Path3D" parent="."]
curve = SubResource("Curve3D_qnr0h")

[node name="Track" type="CSGPolygon3D" parent="Track"]
use_collision = true
polygon = PackedVector2Array(-20, 0, -20, 1, 20, 1, 20, 0)
mode = 2
path_node = NodePath("..")
path_interval_type = 0
path_interval = 1.0
path_simplify_angle = 5.0
path_rotation = 1
path_local = false
path_continuous_u = true
path_u_distance = 1.0
path_joined = true
smooth_faces = true
material = SubResource("StandardMaterial3D_n62to")

[node name="Checkpoints" type="Node3D" parent="Track"]
script = ExtResource("2_cksux")
checkpoint_collision_layer = 2

[node name="@Area3D@54851" type="Area3D" parent="Track/Checkpoints"]
transform = Transform3D(0.919659, 0, -0.392718, 0, 1, 0, 0.392718, 0, 0.919659, -150.996, 0, -72.192)
collision_layer = 2
collision_mask = 0

[node name="@CollisionShape3D@54852" type="CollisionShape3D" parent="Track/Checkpoints/@Area3D@54851"]
shape = SubResource("BoxShape3D_h01fa")

[node name="@Area3D@54853" type="Area3D" parent="Track/Checkpoints"]
transform = Transform3D(-0.621191, 0, 0.783659, 0, 1, 0, -0.783659, 0, -0.621191, -407.746, 87.8832, 83.471)
collision_layer = 2
collision_mask = 0

[node name="@CollisionShape3D@54854" type="CollisionShape3D" parent="Track/Checkpoints/@Area3D@54853"]
shape = SubResource("BoxShape3D_wfdq6")

[node name="@Area3D@54855" type="Area3D" parent="Track/Checkpoints"]
transform = Transform3D(-0.99753, 0, 0.0702485, 0, 1, 0, -0.0702485, 0, -0.99753, -117.023, 0, 59.106)
collision_layer = 2
collision_mask = 0

[node name="@CollisionShape3D@54856" type="CollisionShape3D" parent="Track/Checkpoints/@Area3D@54855"]
shape = SubResource("BoxShape3D_gvlv7")

[node name="@Area3D@54857" type="Area3D" parent="Track/Checkpoints"]
transform = Transform3D(-0.999906, 0, -0.0136971, 0, 1, 0, 0.0136971, 0, -0.999906, 42.3651, 0, 176.973)
collision_layer = 2
collision_mask = 0

[node name="@CollisionShape3D@54858" type="CollisionShape3D" parent="Track/Checkpoints/@Area3D@54857"]
shape = SubResource("BoxShape3D_h7i5w")

[node name="@Area3D@54859" type="Area3D" parent="Track/Checkpoints"]
transform = Transform3D(-0.174496, 0, -0.984658, 0, 1, 0, 0.984658, 0, -0.174496, 137.462, 0, 28.2996)
collision_layer = 2
collision_mask = 0

[node name="@CollisionShape3D@54860" type="CollisionShape3D" parent="Track/Checkpoints/@Area3D@54859"]
shape = SubResource("BoxShape3D_73fdw")

[node name="@Area3D@54861" type="Area3D" parent="Track/Checkpoints"]
transform = Transform3D(-0.0366731, 0, -0.999327, 0, 1, 0, 0.999327, 0, -0.0366731, 391.948, 0, -113.676)
collision_layer = 2
collision_mask = 0

[node name="@CollisionShape3D@54862" type="CollisionShape3D" parent="Track/Checkpoints/@Area3D@54861"]
shape = SubResource("BoxShape3D_b2mqg")

[node name="@Area3D@54863" type="Area3D" parent="Track/Checkpoints"]
transform = Transform3D(0.148861, 0, 0.988858, 0, 1, 0, -0.988858, 0, 0.148861, 18.2559, 0, -127.07)
collision_layer = 2
collision_mask = 0

[node name="@CollisionShape3D@54864" type="CollisionShape3D" parent="Track/Checkpoints/@Area3D@54863"]
shape = SubResource("BoxShape3D_dkmxq")

[node name="InnerPavement" type="CSGPolygon3D" parent="Track"]
use_collision = true
polygon = PackedVector2Array(-21, 0, -21, 3, -19, 3, -20, 0)
mode = 2
path_node = NodePath("..")
path_interval_type = 0
path_interval = 1.0
path_simplify_angle = 6.0
path_rotation = 1
path_local = false
path_continuous_u = true
path_u_distance = 1.0
path_joined = true

[node name="OuterPavement" type="CSGPolygon3D" parent="Track"]
use_collision = true
polygon = PackedVector2Array(21, 0, 21, 3, 19, 3, 20, 0)
mode = 2
path_node = NodePath("..")
path_interval_type = 0
path_interval = 1.0
path_simplify_angle = 6.0
path_rotation = 1
path_local = false
path_continuous_u = true
path_u_distance = 1.0
path_joined = true

[node name="MeshInstance3D" type="MeshInstance3D" parent="."]
visible = false
mesh = SubResource("SphereMesh_6mdfc")

[node name="KartSpawns" type="Node3D" parent="."]
transform = Transform3D(1, 0, 0, 0, 1, 0, 0, 0, 1, 0, 23.83, 0)

[node name="Marker3D" type="Marker3D" parent="KartSpawns"]
transform = Transform3D(-0.909614, 0, 0.415456, 0, 1, 0, -0.415456, 0, -0.909614, -125.065, 6.12753, -77.1811)
gizmo_extents = 5.0

[node name="Marker3D2" type="Marker3D" parent="KartSpawns"]
transform = Transform3D(-0.909614, 0, 0.415456, 0, 1, 0, -0.415456, 0, -0.909614, -128.183, 6.12753, -67.9081)
gizmo_extents = 5.0

[node name="Marker3D3" type="Marker3D" parent="KartSpawns"]
transform = Transform3D(-0.909614, 0, 0.415456, 0, 1, 0, -0.415456, 0, -0.909614, -130.709, 6.12753, -59.2461)
gizmo_extents = 5.0

[node name="Marker3D4" type="Marker3D" parent="KartSpawns"]
transform = Transform3D(-0.909614, 0, 0.415456, 0, 1, 0, -0.415456, 0, -0.909614, -133.984, 6.12753, -50.4885)
gizmo_extents = 5.0

[node name="Marker3D5" type="Marker3D" parent="KartSpawns"]
transform = Transform3D(-0.909614, 0, 0.415456, 0, 1, 0, -0.415456, 0, -0.909614, -137.165, 6.12753, -77.4236)
gizmo_extents = 5.0

[node name="Marker3D6" type="Marker3D" parent="KartSpawns"]
transform = Transform3D(-0.909614, 0, 0.415456, 0, 1, 0, -0.415456, 0, -0.909614, -140.284, 6.12753, -68.1506)
gizmo_extents = 5.0

[node name="Marker3D7" type="Marker3D" parent="KartSpawns"]
transform = Transform3D(-0.909614, 0, 0.415456, 0, 1, 0, -0.415456, 0, -0.909614, -142.811, 6.12753, -59.4886)
gizmo_extents = 5.0

[node name="Marker3D8" type="Marker3D" parent="KartSpawns"]
transform = Transform3D(-0.909614, 0, 0.415456, 0, 1, 0, -0.415456, 0, -0.909614, -146.085, 6.12753, -50.731)
gizmo_extents = 5.0

[node name="Decal" type="Decal" parent="."]
transform = Transform3D(-0.338951, 2.96321e-08, 0.940804, -8.74228e-08, -1, -3.17144e-15, 0.940804, -8.22477e-08, 0.338951, -150.601, -6.3302, -71.9104)
size = Vector3(39.6219, 15.5261, 7.82812)
texture_albedo = ExtResource("4_fb526")

[node name="ItemBox" parent="." instance=ExtResource("2_xp8vo")]
transform = Transform3D(1, 0, 0, 0, 1, 0, 0, 0, 1, -161.447, 1.76581, -61.7371)

[node name="MeshInstance3D" parent="ItemBox" index="0"]
mesh = SubResource("SphereMesh_1eh20")

[node name="ItemBox2" parent="." instance=ExtResource("2_xp8vo")]
transform = Transform3D(1, 0, 0, 0, 1, 0, 0, 0, 1, -159.072, 1.76581, -67.6538)
part_type = 1

[node name="MeshInstance3D" parent="ItemBox2" index="0"]
mesh = SubResource("SphereMesh_evp46")

[node name="ItemBox3" parent="." instance=ExtResource("2_xp8vo")]
transform = Transform3D(1, 0, 0, 0, 1, 0, 0, 0, 1, -156.766, 1.76581, -74.7247)
part_type = 2

[node name="MeshInstance3D" parent="ItemBox3" index="0"]
mesh = SubResource("SphereMesh_s2cqa")

[node name="ItemBox4" parent="." instance=ExtResource("2_xp8vo")]
transform = Transform3D(1, 0, 0, 0, 1, 0, 0, 0, 1, -154.224, 1.76581, -81.0588)
part_type = 3

[node name="MeshInstance3D" parent="ItemBox4" index="0"]
mesh = SubResource("SphereMesh_mvrx4")

[node name="ColorRect" type="ColorRect" parent="."]
anchors_preset = 15
anchor_right = 1.0
anchor_bottom = 1.0
grow_horizontal = 2
grow_vertical = 2
color = Color(0.11827, 1.08625e-05, 0.118337, 1)

[node name="Label" type="Label" parent="ColorRect"]
layout_mode = 0
offset_left = 798.0
offset_top = 423.0
offset_right = 1024.0
offset_bottom = 550.0
text = "M-Masaka...

You're...

Playing with three people????"

[node name="ViewportGrid" type="GridContainer" parent="."]
anchors_preset = 15
anchor_right = 1.0
anchor_bottom = 1.0
grow_horizontal = 2
grow_vertical = 2
theme_override_constants/h_separation = 0
theme_override_constants/v_separation = 0

[editable path="ItemBox"]
[editable path="ItemBox2"]
[editable path="ItemBox3"]
[editable path="ItemBox4"]
